                A                B                C             alpha            b               c              beta           gamma
2004
 D         -8.2619870E-01    9.3178530E-05   4.3762110E-03   1.2988480E-01  -1.4270850E-04  -8.3489410E-04  1.4061770E-03   5.2227820E-03
 I          6.2763420E+01    8.2455950E-03   5.2605670E-04   6.8511460E-03   2.5272120E-03   2.1391860E-03  5.0691990E-02   0.0000000E+00
 F          4.7050420E+04    3.0392580E+00   2.2887720E-01   1.2864320E+01  -8.4656370E-04   1.6358030E-03  7.5574180E-01   2.9271860E-01

2005
 D         -7.7355100E-01   -6.9617000E-05   3.9096460E-03   1.2070130E-01   9.4480890E-05  -1.4892210E-04  2.3722870E-03   7.3805060E-03
 I          6.2767280E+01    8.2444020E-03   5.5800000E-04   3.6646730E-03   2.7872860E-03   1.6419500E-03  3.8708760E-01   7.8673730E-02
 F          4.7082900E+04    3.3366990E+00   7.5832280E-02   1.8362070E+01  -3.6231550E-03   3.1713890E-03  2.4883860E-02   5.1034070E-03

2006
 D         -0.7682558E+00   0.7730532E-04   0.3850932E-02   0.1197822E+00  -0.1425683E-03  -0.5676047E-04   0.1812320E-02   0.7031370E-02
 I          0.6276872E+02   0.8358594E-02   0.5167332E-03   0.3725096E-02   0.3342059E-03   0.2595900E-02   0.4370251E+00   0.1182687E+00
 F          0.4704704E+05   0.2942513E+01   0.3903211E+00   0.8274066E+01  -0.1946670E-03   0.5319935E-03   0.2109148E+01   0.5446222E+00

2007 
 D         -0.7768019E+00   0.1649415E-03   0.3919800E-02   0.1212149E+00  -0.2790202E-03  -0.1729211E-03 -0.4766712E-02   0.1046773E-04
 I          0.6276861E+02   0.8325402E-02   0.5449107E-03   0.6684438E-02   0.1003495E-02   0.1476914E-02  0.1660319E+00   0.1054337E+00
 F          0.4703658E+05   0.2891454E+01   0.4307575E+00   0.7086269E+00   0.8856794E-04   0.3623374E-03 0.4629595E+02    0.1007284E+01

2008
 D         -0.7897745E+00   0.5111305E-03   0.4072282E-02   0.1222910E+00  -0.7800635E-03  -0.3524696E-03   0.1614025E-02   0.6266612E-02
 I          0.6277480E+02   0.8515195E-02   0.3257898E-03   0.8006493E-02  -0.3291680E-02   0.7201937E-02  -0.1475085E-01   0.4850793E-06
 F          0.4703306E+05   0.3035571E+01   0.4518376E+00   0.2220634E+02  -0.1252061E-03   0.2797852E-03   0.2318478E+00   0.1492284E+00 

2009
 D          0.2497378E+00  -0.1799891E-03   0.3631729E-02   0.1028301E+00  -0.1057136E-02  -0.6555467E-04   0.3476781E-01   0.2899299E-03
 I          0.6284041E+02   0.8437868E-02   0.6677493E-03   0.3393714E-02   0.3828358E-02   0.2702782E-02   0.2376822E-01   0.0000000E+00
 F          0.4729391E+05   0.2887792E+01   0.5557273E+00   0.8666098E+02   0.8199469E-03   0.6544197E-03   0.2890521E+01   0.8296678E+01 

2010
 D          0.2472738E+00  -0.1240011E-03   0.3622883E-02   0.9736766E-01  -0.1021021E-02   0.2209256E-03   0.4167394E-01   0.2543234E-03
 I          0.6283788E+02   0.8447212E-02   0.7341334E-03   0.4429174E-02   0.5336985E-02   0.5268103E-02  -0.9651024E-01   0.5352912E-06
 F          0.4729470E+05   0.2870169E+01   0.5852110E+00   0.5379628E+02   0.1002425E-03   0.4337842E-03   0.2690566E+01   0.4834709E+01

2011
 D          0.2466138E+00  -0.1157540E-03   0.3618409E-02   0.9679736E-01  -0.1019640E-02   0.2358746E-03   0.4322806E-01   0.2277363E-06
 I          0.6283841E+02   0.8450842E-02   0.6767057E-03   0.1419438E-02   0.8026878E-02   0.1102493E-01   0.9385084E-01   0.5144152E-06
 F          0.4729416E+05   0.2859498E+01   0.5746063E+00   0.7021407E+02   0.1922080E-03   0.5814602E-03   0.2859883E+01   0.6717799E+01

2012
D           0.2515327E+00  -0.4084916E-03   0.3730549E-02   0.9345965E-01  -0.9064871E-03  -0.5953362E-04   0.4185884E-01   0.4146905E-05
I           0.6284161E+02   0.8359118E-02   0.7641182E-03   0.2486779E-03   0.6226476E-02   0.5408233E-02   0.4396101E-01   0.0000000E+00
F           0.4729032E+05   0.2921479E+01   0.6395759E+00   0.5446762E+02  -0.1889142E-03   0.9127565E-05   0.2617642E+01   0.4612142E+01

2013
D           0.2665398E+00  -0.6425021E-03   0.3814558E-02   0.9051732E-01   0.2013219E-03  -0.1848781E-03   0.3851947E-01   0.3396977E-03
I           0.6283910E+02   0.8380858E-02   0.7722540E-03   0.6871967E-03   0.1049209E-01   0.7257876E-02   0.1440516E-01   0.0000000E+00
F           0.4729407E+05   0.2924229E+01   0.6291411E+00   0.5295859E+02   0.1583660E-04   0.1073736E-03   0.2669002E+01   0.4780010E+01

2014
D           0.2636412E+00  -0.6107257E-03   0.3819809E-02   0.9223808E-01   0.1135265E-03  -0.1989966E-03   0.5239466E-01   0.1327115E-01
I           0.6283909E+02   0.8385242E-02   0.7784304E-03   0.4522051E-03   0.8488774E-02   0.5938458E-02   0.3914300E-01   0.0000000E+00
F           0.4729458E+05   0.2902661E+01   0.6105196E+00   0.5251106E+02   0.4788393E-03   0.2739185E-03   0.2629764E+01   0.4648703E+01

2015
D           0.2631560E+00  -0.6025391E-03   0.3820359E-02   0.9269611E-01   0.9142639E-04  -0.2016985E-03   0.5498111E-01   0.1598345E-01
I           0.6284751E+02   0.8372933E-02   0.7483889E-03  -0.2501858E-03   0.1076109E-04  -0.3259985E-02   0.8475191E+00   0.1033407E-06
F           0.4729625E+05   0.2901324E+01   0.6070384E+00   0.4517365E+02   0.4883035E-03   0.2626958E-03   0.3137973E+01   0.4773487E+01

2016
D           0.2620696E+00   -.5967342E-03   0.3821752E-02   0.9305942E-01   0.6809221E-04   -.2045117E-03   0.6367555E-01   0.2322643E-01
I           0.6284689E+02   0.8352986E-02   0.7352954E-03   -.1962473E-03   -.3099832E-02   -.7694094E-02   0.1006769E+01   0.0000000E+00
F           0.4729893E+05   0.2906816E+01   0.6109909E+00   0.3249477E+02   0.5571502E-03   0.2390772E-03   0.8241025E+01   0.9000399E+01
                                                                                                                           
2017
D           0.2617361E+00   -.5936867E-03   0.3823148E-02   0.9326216E-01   0.6207806E-04   -.2076817E-03   0.6459647E-01   0.2422554E-01
I           0.6284610E+02   0.8358328E-02   0.7437064E-03   -.1929521E-03   -.2176641E-02   -.6692478E-02   0.9866956E+00   0.0000000E+00
F           0.4730263E+05   0.2917091E+01   0.6174031E+00   0.5983225E+01   0.5233802E-03   0.2016388E-03   0.3025467E+02   0.6083467E+01

2018
D           0.2620679E+00   -.5319994E-03   0.3828655E-02   0.9688530E-01   -.3636293E-04   -.2359138E-03   0.3686571E-01   0.7918875E-02
I           0.6284271E+02   0.8401598E-02   0.7849903E-03   -.7980576E-04   0.8095549E-02   0.4736253E-02   0.9610900E+00   0.0000000E+00
F           0.4730982E+05   0.2941783E+01   0.6214501E+00   0.1238910E+01   0.4759663E-03   0.1499724E-03   0.5950622E+02   0.2480110E+01

2019
D           0.2618744E+00   -.5230229E-03   0.3829882E-02   0.9745149E-01   -.5276247E-04   -.2408244E-03   0.3540329E-01   0.7529953E-02
I           0.6284774E+02   0.8361087E-02   0.7345389E-03   -.2271890E-03   -.2101050E-02   -.6531437E-02   0.9436771E+00   0.0000000E+00
F           0.4729545E+05   0.2947816E+01   0.5145821E+00   0.2182306E+02   0.4358085E-03   0.1115456E-02   0.2421096E+00   0.1303700E+00

2020
D           0.2614413E+00   -.4855648E-03   0.3832664E-02   0.9957942E-01   -.1214138E-03   -.2553141E-03   0.2429068E-01   0.1274119E-02
I           0.6284642E+02   0.8359001E-02   0.7432126E-03   -.2120412E-03   -.1689453E-02   -.6175770E-02   0.9295507E+00   0.0000000E+00
F           0.4729832E+05   0.2922662E+01   0.5436277E+00   0.2168993E+02   0.6071656E-03   0.9557440E-03   0.1455032E+00   0.6449961E-01

2021
D           0.2612387E+00   -.5442956E-03   0.3827441E-02   0.9606913E-01   -.2720397E-04   -.2280656E-03   0.5220976E-01   0.1901917E-01
I           0.6284346E+02   0.8405779E-02   0.7843604E-03   -.9162659E-04   0.8139445E-02   0.4790311E-02   0.9231513E+00   0.0000000E+00
F           0.4729907E+05   0.2916000E+01   0.5783340E+00   0.2539245E+02   0.5753817E-03   0.5607692E-03   0.6003599E-01   0.2957756E-01
